Mat Object: 1 MPI processes
  type: seqaij
row 0: (0, 1.)  (1, 0.)  (9, 0.) 
row 1: (0, 0.)  (1, 1.)  (2, 0.)  (10, 0.) 
row 2: (1, 0.)  (2, 1.)  (3, 0.)  (11, 0.) 
row 3: (2, 0.)  (3, 1.)  (4, 0.)  (12, 0.) 
row 4: (3, 0.)  (4, 1.)  (5, 0.)  (13, 0.) 
row 5: (4, 0.)  (5, 1.)  (6, 0.)  (14, 0.) 
row 6: (5, 0.)  (6, 1.)  (7, 0.)  (15, 0.) 
row 7: (6, 0.)  (7, 1.)  (8, 0.)  (16, 0.) 
row 8: (7, 0.)  (8, 1.)  (17, 0.) 
row 9: (0, 0.)  (9, 1.)  (10, 0.)  (18, 0.) 
row 10: (1, 0.)  (9, 0.)  (10, 4.)  (11, -1.)  (19, -1.) 
row 11: (2, 0.)  (10, 0.)  (11, -1.)  (12, -1.)  (20, -1.) 
row 12: (3, 0.)  (11, 0.)  (12, -1.)  (13, -1.)  (21, -1.) 
row 13: (4, 0.)  (12, 0.)  (13, -1.)  (14, -1.)  (22, -1.) 
row 14: (5, 0.)  (13, 0.)  (14, -1.)  (15, -1.)  (23, -1.) 
row 15: (6, 0.)  (14, 0.)  (15, -1.)  (16, -1.)  (24, -1.) 
row 16: (7, 0.)  (15, 0.)  (16, -1.)  (17, 0.)  (25, -1.) 
row 17: (8, 0.)  (16, 0.)  (17, 1.)  (26, 0.) 
row 18: (9, 0.)  (18, 1.)  (19, 0.)  (27, 0.) 
row 19: (10, -1.)  (18, 0.)  (19, 4.)  (20, -1.)  (28, -1.) 
row 20: (11, -1.)  (19, 0.)  (20, -1.)  (21, -1.)  (29, -1.) 
row 21: (12, -1.)  (20, 0.)  (21, -1.)  (22, -1.)  (30, -1.) 
row 22: (13, -1.)  (21, 0.)  (22, -1.)  (23, -1.)  (31, -1.) 
row 23: (14, -1.)  (22, 0.)  (23, -1.)  (24, -1.)  (32, -1.) 
row 24: (15, -1.)  (23, 0.)  (24, -1.)  (25, -1.)  (33, -1.) 
row 25: (16, -1.)  (24, 0.)  (25, -1.)  (26, 0.)  (34, -1.) 
row 26: (17, 0.)  (25, 0.)  (26, 1.)  (35, 0.) 
row 27: (18, 0.)  (27, 1.)  (28, 0.)  (36, 0.) 
row 28: (19, -1.)  (27, 0.)  (28, 4.)  (29, -1.)  (37, -1.) 
row 29: (20, -1.)  (28, 0.)  (29, -1.)  (30, -1.)  (38, -1.) 
row 30: (21, -1.)  (29, 0.)  (30, -1.)  (31, -1.)  (39, -1.) 
row 31: (22, -1.)  (30, 0.)  (31, -1.)  (32, -1.)  (40, -1.) 
row 32: (23, -1.)  (31, 0.)  (32, -1.)  (33, -1.)  (41, -1.) 
row 33: (24, -1.)  (32, 0.)  (33, -1.)  (34, -1.)  (42, -1.) 
row 34: (25, -1.)  (33, 0.)  (34, -1.)  (35, 0.)  (43, -1.) 
row 35: (26, 0.)  (34, 0.)  (35, 1.)  (44, 0.) 
row 36: (27, 0.)  (36, 1.)  (37, 0.)  (45, 0.) 
row 37: (28, -1.)  (36, 0.)  (37, 4.)  (38, -1.)  (46, -1.) 
row 38: (29, -1.)  (37, 0.)  (38, -1.)  (39, -1.)  (47, -1.) 
row 39: (30, -1.)  (38, 0.)  (39, -1.)  (40, -1.)  (48, -1.) 
row 40: (31, -1.)  (39, 0.)  (40, -1.)  (41, -1.)  (49, -1.) 
row 41: (32, -1.)  (40, 0.)  (41, -1.)  (42, -1.)  (50, -1.) 
row 42: (33, -1.)  (41, 0.)  (42, -1.)  (43, -1.)  (51, -1.) 
row 43: (34, -1.)  (42, 0.)  (43, -1.)  (44, 0.)  (52, -1.) 
row 44: (35, 0.)  (43, 0.)  (44, 1.)  (53, 0.) 
row 45: (36, 0.)  (45, 1.)  (46, 0.)  (54, 0.) 
row 46: (37, -1.)  (45, 0.)  (46, 4.)  (47, -1.)  (55, -1.) 
row 47: (38, -1.)  (46, 0.)  (47, -1.)  (48, -1.)  (56, -1.) 
row 48: (39, -1.)  (47, 0.)  (48, -1.)  (49, -1.)  (57, -1.) 
row 49: (40, -1.)  (48, 0.)  (49, -1.)  (50, -1.)  (58, -1.) 
row 50: (41, -1.)  (49, 0.)  (50, -1.)  (51, -1.)  (59, -1.) 
row 51: (42, -1.)  (50, 0.)  (51, -1.)  (52, -1.)  (60, -1.) 
row 52: (43, -1.)  (51, 0.)  (52, -1.)  (53, 0.)  (61, -1.) 
row 53: (44, 0.)  (52, 0.)  (53, 1.)  (62, 0.) 
row 54: (45, 0.)  (54, 1.)  (55, 0.)  (63, 0.) 
row 55: (46, -1.)  (54, 0.)  (55, 4.)  (56, -1.)  (64, -1.) 
row 56: (47, -1.)  (55, 0.)  (56, -1.)  (57, -1.)  (65, -1.) 
row 57: (48, -1.)  (56, 0.)  (57, -1.)  (58, -1.)  (66, -1.) 
row 58: (49, -1.)  (57, 0.)  (58, -1.)  (59, -1.)  (67, -1.) 
row 59: (50, -1.)  (58, 0.)  (59, -1.)  (60, -1.)  (68, -1.) 
row 60: (51, -1.)  (59, 0.)  (60, -1.)  (61, -1.)  (69, -1.) 
row 61: (52, -1.)  (60, 0.)  (61, -1.)  (62, 0.)  (70, -1.) 
row 62: (53, 0.)  (61, 0.)  (62, 1.)  (71, 0.) 
row 63: (54, 0.)  (63, 1.)  (64, 0.)  (72, 0.) 
row 64: (55, -1.)  (63, 0.)  (64, 4.)  (65, -1.)  (73, 0.) 
row 65: (56, -1.)  (64, 0.)  (65, -1.)  (66, -1.)  (74, 0.) 
row 66: (57, -1.)  (65, 0.)  (66, -1.)  (67, -1.)  (75, 0.) 
row 67: (58, -1.)  (66, 0.)  (67, -1.)  (68, -1.)  (76, 0.) 
row 68: (59, -1.)  (67, 0.)  (68, -1.)  (69, -1.)  (77, 0.) 
row 69: (60, -1.)  (68, 0.)  (69, -1.)  (70, -1.)  (78, 0.) 
row 70: (61, -1.)  (69, 0.)  (70, -1.)  (71, 0.)  (79, 0.) 
row 71: (62, 0.)  (70, 0.)  (71, 1.)  (80, 0.) 
row 72: (63, 0.)  (72, 1.)  (73, 0.) 
row 73: (64, 0.)  (72, 0.)  (73, 1.)  (74, 0.) 
row 74: (65, 0.)  (73, 0.)  (74, 1.)  (75, 0.) 
row 75: (66, 0.)  (74, 0.)  (75, 1.)  (76, 0.) 
row 76: (67, 0.)  (75, 0.)  (76, 1.)  (77, 0.) 
row 77: (68, 0.)  (76, 0.)  (77, 1.)  (78, 0.) 
row 78: (69, 0.)  (77, 0.)  (78, 1.)  (79, 0.) 
row 79: (70, 0.)  (78, 0.)  (79, 1.)  (80, 0.) 
row 80: (71, 0.)  (79, 0.)  (80, 1.) 
